-2.500000000000000000e+00 -4.309987343933587312e+01
-2.449494949494949392e+00 -3.269873448217659018e+01
-2.398989898989898784e+00 -5.528542595355065004e+01
-2.348484848484848619e+00 -2.642846880437380719e+01
-2.297979797979798011e+00 -3.849600679843997142e+01
-2.247474747474747403e+00 -1.607909062279271950e+01
-2.196969696969696795e+00 -1.867702540783457010e+01
-2.146464646464646631e+00 -2.911494432576057889e+01
-2.095959595959596022e+00 -6.118360617830788328e+00
-2.045454545454545414e+00 -1.502279742658584105e+01
-1.994949494949494806e+00 -1.811197795923887810e+01
-1.944444444444444420e+00 -1.659053770868070643e+01
-1.893939393939394034e+00 -2.125687355377140264e+01
-1.843434343434343425e+00 -9.626354752000384707e+00
-1.792929292929292817e+00 -2.177517980884653781e+01
-1.742424242424242431e+00 -1.700265835473695830e+01
-1.691919191919192045e+00 -2.552515971595059341e+01
-1.641414141414141437e+00 -1.610607571448045050e+01
-1.590909090909090828e+00 -1.850883690556743133e+01
-1.540404040404040442e+00 -1.401234322664602772e+01
-1.489898989898989834e+00 -2.977224499654818857e+01
-1.439393939393939448e+00 -2.284871646991573613e+01
-1.388888888888888840e+00 -2.061966569195621801e+01
-1.338383838383838453e+00 -8.343020376681684169e+00
-1.287878787878787845e+00 -2.125978164298638262e+01
-1.237373737373737459e+00 -1.853751081856088945e+01
-1.186868686868686851e+00 -8.518634273533685075e+00
-1.136363636363636465e+00 -7.842816485824418038e+00
-1.085858585858585856e+00 -1.438930798669391464e+01
-1.035353535353535470e+00 -1.700806451333217240e+01
-9.848484848484848619e-01 -2.522879430909262055e+01
-9.343434343434344758e-01 -7.468277882754776442e+00
-8.838383838383838675e-01 -4.207271672729390843e+00
-8.333333333333332593e-01 -2.011729446549080080e+01
-7.828282828282828731e-01 -1.424351780232263742e+01
-7.323232323232322649e-01 -1.798138658492073816e+01
-6.818181818181818787e-01 -2.155256321204702274e+01
-6.313131313131312705e-01 -8.621626204578980435e+00
-5.808080808080808843e-01 -1.489331037385768219e+01
-5.303030303030302761e-01 -1.666539629922175436e+01
-4.797979797979796679e-01 -3.264414432817844158e+00
-4.292929292929295038e-01 -2.272947296684289142e+01
-3.787878787878788955e-01 -6.390515350045543386e+00
-3.282828282828282873e-01 -7.260306947455366533e+00
-2.777777777777776791e-01 -6.915383255051928302e+00
-2.272727272727275150e-01 -6.165446766776847554e+00
-1.767676767676769067e-01 -5.848734879290957700e-01
-1.262626262626262985e-01 -9.578007731613958242e+00
-7.575757575757569029e-02 -3.137955042577134090e+00
-2.525252525252508207e-02 -1.209197461424484032e+01
2.525252525252508207e-02 -3.978281279953461702e+00
7.575757575757569029e-02 -1.891309524542079012e+00
1.262626262626262985e-01 4.556076597611738777e+00
1.767676767676769067e-01 -2.204421953613891372e+00
2.272727272727270709e-01 1.859216866461183670e+00
2.777777777777776791e-01 2.152981191958877272e+00
3.282828282828282873e-01 1.318275828499504421e+01
3.787878787878788955e-01 2.677610356880044673e+00
4.292929292929290597e-01 9.305749688336923953e+00
4.797979797979796679e-01 6.478825682995598356e+00
5.303030303030302761e-01 1.725058065047667100e+01
5.808080808080808843e-01 1.158391552629726817e+01
6.313131313131310485e-01 4.534777857392533917e+00
6.818181818181816567e-01 2.251024861622398454e+00
7.323232323232322649e-01 4.331697180665382341e+00
7.828282828282828731e-01 1.313142606862030881e+00
8.333333333333334814e-01 1.351347700610967095e+00
8.838383838383836455e-01 4.612983061711592114e+00
9.343434343434342537e-01 9.236728556284901970e+00
9.848484848484848619e-01 1.668428118768446211e+01
1.035353535353535470e+00 4.486899139004592918e+00
1.085858585858585634e+00 -9.745900448296765717e+00
1.136363636363636243e+00 2.407515965084054521e+00
1.186868686868686851e+00 -5.869805590986472588e+00
1.237373737373737459e+00 -2.523965928259455538e+00
1.287878787878787623e+00 1.042900866554987704e+00
1.338383838383838231e+00 -9.608401635040259237e+00
1.388888888888888840e+00 -2.494227287946281901e+00
1.439393939393939448e+00 -1.357005239760223070e+01
1.489898989898989612e+00 -1.019260179324586346e+00
1.540404040404040664e+00 -7.293161592884915834e+00
1.590909090909090828e+00 -1.999895441882203784e+01
1.641414141414140992e+00 -6.332283059449350660e+00
1.691919191919192045e+00 -2.070564009150874085e+01
1.742424242424242209e+00 -3.015126218792957502e+00
1.792929292929293261e+00 -6.765927292893799461e+00
1.843434343434343425e+00 -2.905051872116225908e+01
1.893939393939393590e+00 -1.773209608659025349e+01
1.944444444444444642e+00 -2.224952625367606629e+01
1.994949494949494806e+00 -1.884322811685924393e+01
2.045454545454544970e+00 -2.100842178140653616e+01
2.095959595959596022e+00 -1.973153391531067768e+01
2.146464646464646187e+00 -2.018522028457793738e+01
2.196969696969697239e+00 -3.160922940777693668e+01
2.247474747474747403e+00 -2.181562893243020085e+01
2.297979797979797567e+00 -3.092774320689071743e+01
2.348484848484848619e+00 -2.299341363411275552e+01
2.398989898989898784e+00 -2.891832898299654175e+01
2.449494949494949836e+00 -2.313387560668396148e+01
2.500000000000000000e+00 -2.462189300941397363e+01
